-6.234512   1.033004   214.627805    -6.265248   1.075151   220.873400 
-9.865708   -0.072389   222.640225    -7.296116   0.834115   218.318052 
-7.374452   4.455067   216.880757    -7.363324   4.448083   221.889682 
-7.351601   4.352949   216.877028    -7.343788   4.336421   221.807109 
-7.425850   4.308746   221.654664    -7.431420   4.334267   214.615459 
-6.005843   4.526600   221.786637    -5.995540   4.534326   217.238583 
-4.229060   4.210754   216.187508    -2.149047   4.959073   220.105346 
-4.988651   1.535199   216.894023    -4.989017   1.523731   221.223330 
-4.684265   1.756100   216.740394    -2.658727   2.476370   220.452790 
-7.342487   4.045052   217.382572    -7.345649   4.037435   221.616320 
-9.974801   -0.129059   220.569259    -8.049631   0.559780   216.864221 
-2.569618   6.035787   220.074467    -4.514662   5.333395   216.409219 
-1.581187   2.870156   219.898765    -3.476170   2.197106   216.236144 
-1.859929   4.034972   220.056827    -3.750400   3.334689   216.420206 
-7.556571   0.788992   215.674286    -9.361345   0.134557   219.341258 
-3.119560   3.475161   220.403822    -4.643500   1.882018   216.980790 
-4.712858   4.006433   216.133910    -2.293526   4.851057   220.905447 
-5.585250   4.917849   217.296221    -3.678156   5.613185   220.746203 
-5.413561   1.375229   221.155423    -5.424345   1.396669   217.215762 
-8.934341   4.125191   214.334296    -7.583418   0.424742   214.339063 
-5.661508   1.427070   221.215951    -5.663778   1.437510   217.312727 
-10.434933   3.232076   219.244566    -8.738467   3.842099   215.804052 
-5.640187   1.293193   217.232508    -5.639812   1.283177   221.112087 
-5.818708   4.582064   221.454343    -5.820828   4.580976   217.575270 
-6.393267   1.417186   220.987106    -6.396421   1.450383   217.136840 
-5.450707   1.476899   217.220982    -5.440337   1.456418   221.057297 
-2.173598   6.201133   220.854429    -3.998805   5.556963   217.572407 
-6.967303   4.591601   222.188032    -6.967960   4.599710   218.398521 
-7.182049   2.156926   215.953728    -8.724616   1.601791   219.309893 
-3.597865   4.869018   220.419182    -5.589436   4.899529   217.278394 
-4.918956   1.654158   220.713111    -4.926839   1.666889   216.999005 
-7.515048   3.955874   221.499644    -7.514919   3.970462   217.822627 
-8.321424   2.743520   215.795253    -9.991608   2.196181   219.146780 
-5.007576   1.954638   217.117484    -4.996202   1.963030   220.703180 
-11.440206   0.565557   224.495632    -8.858687   1.543065   220.459277 
-9.870480   2.184741   219.069553    -8.368006   2.718145   215.917507 
-5.714912   4.308419   218.401070    -5.722844   4.298905   221.803359 
-6.576526   1.366001   221.014113    -6.574953   1.390976   217.622459 
-7.733960   4.221551   216.793900    -9.443905   3.619799   220.045945 
-5.002558   1.639773   216.905651    -4.984891   1.630536   220.634173 
-7.350347   0.853957   214.560528    -8.465765   3.904949   214.554720 
-5.796185   4.896434   216.805419    -4.282378   5.429686   219.623123 
-4.834844   2.022411   220.584580    -4.843804   2.015371   217.393408 
-4.966416   5.017047   214.591435    -3.913476   2.131394   214.569087 
-6.215192   4.864289   222.698503    -6.235544   4.863572   219.660620 
-0.621809   6.751950   223.348813    -2.167576   6.203271   220.864146 
-4.467116   3.129108   216.732291    -3.145894   3.590057   219.340182 
-3.684877   5.634432   220.693884    -2.119246   6.185846   223.125085 
-5.656811   4.242955   221.714295    -5.649858   4.255870   218.787289 
-9.467125   1.344746   218.813510    -8.103699   1.834360   216.065693 
-5.548861   1.415360   220.107713    -5.563082   1.423117   217.274112 
-4.886106   2.267672   220.801285    -4.881961   2.248887   217.988497 
-6.751483   4.680063   217.698343    -6.766025   4.666235   221.571739 
-4.957465   2.300651   218.122233    -4.951111   2.320685   220.838872 
-3.469807   2.011364   214.356112    -4.377729   4.536551   214.368517 
-6.143342   4.897727   219.393539    -6.131817   4.909522   215.944354 
-4.930204   2.378533   218.362763    -4.931091   2.388359   220.838090 
-9.577385   3.982280   213.875463    -8.532670   1.442748   213.909977 
-7.730300   4.123373   216.925387    -8.618753   3.231914   218.978001 
-6.087728   4.774879   219.623341    -6.099294   4.788344   221.990449 
-6.699849   1.593828   220.773893    -6.704836   1.611868   218.413209 
-7.551119   1.294120   218.524243    -8.874866   1.491151   220.417399 
-6.187342   3.371785   220.017850    -6.193206   3.358406   222.298157 
-5.303321   2.731381   219.020140    -5.308344   2.741559   221.298962 
-5.000525   2.570762   221.034010    -5.002147   2.568114   218.758819 
-6.311099   1.179312   214.597584    -6.302537   1.177054   216.855282 
-5.583585   4.066455   219.317524    -5.589008   4.056807   221.561919 
-6.077153   4.814423   214.685228    -6.081077   4.789149   216.927513 
-6.734621   1.711597   218.578059    -6.733295   1.700301   220.806846 
-7.455418   3.709595   218.943626    -7.456688   3.697945   221.338374 
-4.906250   1.684575   214.568293    -4.914276   1.672560   216.735437 
-6.186371   0.991150   216.781212    -6.192681   1.006558   214.622181 
-8.037233   2.831637   216.752925    -9.754739   2.222469   220.132677 
-10.762982   0.520211   225.783357    -10.763484   0.495776   223.640345 
-3.028307   3.640316   218.014715    -3.950153   3.319134   216.122085 
-4.895739   1.479497   214.617983    -4.897832   1.461463   216.723690 
-6.202875   4.977556   216.740546    -6.197190   5.001990   214.644377 
-5.361181   2.874871   221.462069    -5.365233   2.887363   219.417538 
-4.063479   4.263547   216.560579    -4.664742   4.073412   214.638545 
-7.436630   4.343600   214.615866    -7.445123   4.333057   216.636888 
-6.186515   4.763159   222.001372    -6.183611   4.767297   219.982478 
-9.905165   -0.109173   222.584951    -9.993554   -0.135686   220.570103 
-7.926813   4.769725   214.346529    -6.053085   5.453878   214.351865 
-7.430678   3.616074   219.339713    -7.418252   3.613081   221.326832 
-10.601143   -0.036483   223.684496    -10.601258   -0.051422   225.662205 
-7.458308   4.551791   214.578683    -7.477984   4.521837   216.723338 
-6.720649   4.605324   218.294065    -6.701142   4.575872   222.084421 
-6.956367   4.522405   221.243440    -6.928273   4.492230   218.272245 
-4.413831   1.269370   214.362487    -6.157867   0.631457   214.343354 
-6.669266   4.703601   220.600348    -6.620266   4.717548   222.366941 
-8.168255   1.810701   216.294749    -7.682965   1.988387   214.607364 
-10.758675   -0.107121   223.892464    -10.660170   -0.074677   225.649495 
-6.600720   4.638122   220.626357    -6.604557   4.621926   222.368977 
-5.741200   3.786826   221.257844    -5.713949   3.837414   219.532603 
-3.495398   2.190097   216.241794    -3.956123   2.029612   214.600445 
-8.898374   5.110632   213.884799    -7.284576   5.548515   213.968837 
-1.990808   2.779658   219.034183    -1.863166   4.028947   220.047516 
-2.381976   4.860967   222.159777    -2.155555   6.133195   223.096627 
-2.096465   6.205636   223.132400    -0.633727   6.747608   223.340175 
-11.658677   1.548986   222.847867    -10.872464   1.834782   221.515840 
-5.159388   3.858809   214.647788    -4.724493   4.002146   216.127428 
-4.104672   3.203810   215.476137    -3.532630   3.398209   216.876637 
-5.026276   2.935689   215.348285    -4.486115   3.122264   216.731173 
-3.966115   3.313397   216.118977    -4.372285   3.175416   214.688982 
-3.292745   2.276027   216.552623    -3.811308   2.113469   215.171443 
-10.863884   1.837891   221.506229    -10.883137   1.828226   222.989194 
-6.803905   1.877947   220.815979    -6.818709   1.917890   219.342960 
-8.852591   3.803742   216.027867    -8.459338   3.939912   214.617457 
-6.144415   5.028507   214.579379    -7.510943   4.536049   214.568703 
-3.996754   5.557891   217.556836    -4.555201   5.363782   216.271671 
-6.815900   1.177219   217.302905    -7.559468   1.296807   218.477093 
-4.755773   5.292256   215.980504    -5.094444   5.180556   214.634553 
-4.919114   1.453370   216.764204    -6.209757   0.982231   216.828975 
-6.177487   1.012390   214.586488    -4.887137   1.482968   214.577247 
-7.497009   3.023695   215.514739    -8.007880   2.841873   216.762795 
-7.612945   0.382503   214.023835    -8.376590   2.449844   213.958596 
-8.353723   2.723145   215.914763    -8.007884   2.847398   214.616764 
-6.216713   1.080757   216.879724    -4.994960   1.532885   216.885966 
-3.080450   3.613749   219.324429    -3.024476   3.641631   218.025774 
-7.721141   1.930285   214.582517    -8.014017   1.770159   215.814950 
-9.465584   3.612275   220.060121    -10.425089   3.284632   219.314914 
-7.586610   0.725823   215.814397    -7.279147   0.837279   214.605774 
-2.619562   2.490478   220.481249    -1.593253   2.865792   219.893989 
-7.428017   0.783237   215.276928    -7.868225   0.657117   216.418476 
-7.364928   4.561874   216.759336    -6.231826   4.967033   216.756646 
-9.948398   -0.105268   222.770194    -10.644067   -0.103537   223.727648 
-8.252400   2.100254   213.934951    -8.654236   3.210753   213.958590 
-5.631395   3.571157   221.034317    -6.159630   3.382015   220.008998 
-5.141564   2.655423   220.843366    -5.081597   2.615815   219.710696 
-10.762649   0.515956   223.586646    -11.435504   0.576670   224.483696 
-9.915425   2.166210   220.163742    -9.907065   2.171991   219.053629 
-5.628969   1.296259   220.328899    -5.587048   1.354925   219.233790 
-2.688897   2.513122   220.508763    -3.121073   3.465740   220.395636 
-4.419943   4.123226   215.647159    -4.672943   4.041966   214.630545 
-4.840286   1.688601   214.538006    -3.861383   2.069434   214.543321 
-8.897541   4.201978   214.355566    -7.909121   4.531204   214.367357 
-8.432837   3.989490   214.561777    -7.457822   4.325327   214.575800 
-4.045102   3.265042   215.709191    -4.275876   3.173664   214.714634 
-4.070466   3.786971   214.090725    -4.428588   4.738995   214.177327 
-6.853763   2.276307   214.982342    -7.134200   2.173642   215.954325 
-7.349378   0.802487   214.554890    -6.396667   1.152795   214.560431 
-7.354103   3.405539   220.183655    -7.354652   3.409412   221.194459 
-3.035874   4.781099   221.257038    -3.598455   4.883487   220.427081 
-2.119754   4.972301   220.162189    -2.486470   5.909155   220.134033 
-4.039262   4.253687   216.576650    -4.413527   4.125509   215.656662 
-5.022405   5.213468   214.581396    -5.960022   4.879294   214.578893 
-5.847386   5.291774   214.368900    -4.920050   5.615561   214.375172 
-11.371314   1.650826   223.785525    -11.660463   1.548321   222.859695 
-9.982778   2.175011   219.145192    -10.447430   2.964647   219.446173 
-7.702708   1.981622   214.579772    -6.799267   2.297185   214.600692 
-5.655414   3.557553   222.004536    -5.627029   3.576923   220.189014 
-3.705832   2.157227   215.530199    -3.905616   2.098007   214.606554 
-10.861724   1.835908   223.008590    -11.363607   1.653622   223.775629 
-7.283575   3.100655   214.605674    -7.503223   3.021574   215.494839 
-3.551741   1.801211   214.353904    -4.409185   1.508398   214.369292 
-4.317373   3.247671   214.582539    -5.143798   2.905451   214.592125 
-8.768392   1.586373   219.335424    -9.460109   1.347043   218.845675 
-6.668826   1.047464   216.931999    -7.001949   0.927898   217.732272 
-7.541092   3.913282   218.045735    -7.471387   3.720385   218.892275 
-5.388012   0.882604   214.121851    -4.581779   1.189221   214.219250 
-8.764053   0.659832   217.930705    -9.052256   1.468190   217.933812 
-5.023579   5.142736   214.584605    -4.848001   5.205540   215.399554 
-7.074440   3.309848   221.276364    -7.076062   3.315617   220.459357 
-7.264733   3.368383   220.382514    -7.276957   3.368489   221.192250 
-7.302752   3.070790   214.560955    -8.029138   2.814820   214.553543 
-6.752129   2.415096   220.326847    -6.686519   2.228060   219.586643 
-5.169832   2.919458   214.591970    -4.860556   3.610203   214.578005 
-9.989800   0.500257   220.086589    -9.966559   1.131233   219.702509 
-5.187539   2.881822   214.626232    -5.006498   2.942979   215.321753 
-6.678288   2.156850   220.769367    -6.685984   2.153526   220.052366 
-7.071461   3.303315   220.480346    -7.008280   3.133689   221.158177 
-5.637216   1.284087   221.131227    -6.118865   1.104615   221.598925 
-6.831246   2.324776   214.570640    -7.457445   2.597693   214.561613 
-6.759333   4.656833   216.855225    -6.815117   4.607201   217.944410 
-7.417896   3.573168   219.510375    -7.351128   3.397589   220.159112 
-8.618251   3.224179   218.982027    -8.970975   3.720134   219.261963 
-6.201408   0.607580   214.282816    -5.573787   0.830286   214.237900 
-8.900920   0.610908   218.199803    -9.188172   1.418067   218.183539 
-2.097227   4.924617   220.924193    -2.077377   4.941079   220.265089 
-9.585220   0.043232   219.677381    -9.943450   0.446508   220.040471 
-6.179476   3.363287   222.332027    -5.652546   3.558567   222.012771 
-3.873953   3.224766   214.143121    -4.088109   3.832223   214.106986 
-5.723457   3.778456   219.584972    -5.657139   3.591430   220.187268 
-6.128690   4.908629   216.866325    -6.700882   4.700294   216.876953 
-4.363863   1.448401   214.329156    -4.874900   1.661999   214.549705 
-9.963012   1.126346   219.699404    -9.681242   1.224334   219.186028 
-7.408134   5.003234   214.033994    -7.961182   4.803912   214.013832 
-3.401393   1.872767   214.257287    -3.575981   2.411285   214.099095 
-5.754377   4.544503   217.779983    -5.692831   4.372742   218.329419 
-5.642723   4.236333   218.766374    -5.584155   4.068162   219.305767 
-6.856783   4.524469   220.712634    -6.873283   4.516027   221.276966 
-8.981352   4.234462   213.965948    -8.455827   4.416055   213.972512 
-6.407374   3.462589   222.176385    -6.395222   3.456184   221.626611 
-6.704547   1.611130   218.390244    -6.641726   1.442299   217.873105 
-4.931349   1.666362   216.734279    -5.016149   1.633326   217.265099 
-10.570172   -0.019435   223.584537    -10.754422   0.486390   223.589840 
-5.748153   3.955760   221.972838    -5.674122   3.758531   221.478259 
-4.379265   5.838436   214.081490    -4.183623   5.340060   214.091943 
-7.490546   4.489246   214.558191    -7.935270   4.710885   214.390758 
-8.753895   3.499497   213.998574    -8.944212   3.968671   213.864447 
-6.818549   1.917437   219.319547    -6.758270   1.751264   218.826740 
-4.829637   5.625056   214.388251    -5.025632   5.188003   214.595120 
-9.645645   1.175290   219.154870    -9.557210   0.677749   219.283580 
-3.743257   5.570942   220.634951    -3.493022   5.135421   220.765361 
-6.685324   2.156165   219.962904    -6.692111   2.151412   219.447433 
-5.115330   3.870717   214.574210    -4.632615   4.037729   214.569217 
-6.314153   3.423077   221.674957    -6.383474   3.452783   222.172660 
-6.112302   5.018549   214.584239    -5.922633   5.413845   214.387965 
-7.805565   1.860491   215.438898    -8.009599   1.772579   215.862345 
-8.213176   4.505624   214.323524    -7.800551   4.323356   214.476329 
-6.960712   4.605702   216.876268    -7.404740   4.444055   216.873951 
-7.468295   2.617721   214.561375    -7.302658   3.052197   214.561056 
-4.648177   5.273774   216.022410    -4.811787   5.245759   215.589849 
-9.015476   4.182334   213.911426    -8.940787   4.146673   214.344061 
-7.522974   0.380816   214.359935    -7.122971   0.509923   214.330016 
-7.918158   0.606132   213.934252    -8.232337   0.886535   213.920950 
-4.991389   1.522779   221.251622    -5.377423   1.379995   221.221504 
-3.992881   2.454972   214.774327    -4.158012   2.791582   214.606132 
-5.619500   3.991445   220.348298    -5.590306   4.041112   219.944091 
-4.767273   1.464459   214.535257    -4.412601   1.336225   214.387416 
-6.747961   4.577935   222.091862    -6.797085   4.583158   221.693701 
-5.400300   0.593138   214.048729    -5.280713   0.519431   214.411549 
-6.269804   1.085642   221.139105    -6.395799   1.423657   221.035454 
-7.548093   4.411964   214.534148    -7.848110   4.540794   214.387851 
-9.553334   0.897453   219.200145    -9.654471   1.236867   219.165667 
-6.788786   2.300780   214.614764    -6.851321   2.277273   214.958942 
-7.773721   4.346998   214.482404    -8.053498   4.524501   214.372930 
-4.770667   6.170132   214.120930    -4.442085   6.271467   214.126366 
-7.577104   0.415857   214.360610    -7.595500   0.337614   214.031311 
-5.310654   5.504025   214.318832    -5.042413   5.626989   214.152587 
-7.997335   4.792743   213.999274    -7.943024   4.766450   214.327671 
-6.119180   5.387209   214.408747    -5.885853   5.592449   214.289218 
-5.857128   5.327504   214.360918    -5.993512   5.058547   214.499258 
-4.235661   4.364108   214.177983    -4.023629   4.141817   214.055365 
-6.263331   0.922235   214.530081    -5.981947   1.089139   214.565185 
-4.407011   6.222409   214.121195    -4.704817   6.100958   214.113425 
-3.915346   3.658981   214.140748    -3.629880   3.805528   214.138135 
-4.295470   4.773497   216.426095    -4.343651   4.547465   216.205964 
-9.272195   4.849622   213.877557    -9.250715   4.537963   213.902999 
-3.729835   4.172701   214.027095    -3.876460   4.447021   214.036814 
-4.940674   1.661983   216.970339    -4.722204   1.742203   216.767609 
-7.834052   1.544659   215.691709    -7.819991   1.275466   215.838155 
-4.842397   5.189576   215.398708    -4.723525   4.929562   215.498223 
-3.868548   4.434729   214.036179    -4.151875   4.341422   214.082370 
-8.119782   1.043252   213.927271    -8.243996   1.307084   213.922937 
-7.462096   1.123740   218.476693    -7.380822   0.847024   218.494790 
-7.753178   0.647928   214.393693    -7.768401   0.558068   214.120291 
-7.716795   0.642888   214.112741    -7.720270   0.703160   214.393746 
-3.964399   2.550653   215.034012    -3.998321   2.463413   214.764812 
-9.696675   4.878544   213.928614    -9.441845   4.993504   213.929468 
-9.592549   0.357824   222.073344    -9.483024   0.103727   222.037422 
-3.580834   1.284561   214.123237    -3.771541   1.487722   214.123453 
-7.988705   1.737937   215.846829    -7.889763   1.477914   215.834601 
-6.199260   4.774364   219.811012    -6.208510   4.804820   219.534937 
-7.428453   0.837368   218.571411    -7.490114   1.101306   218.530269 
-6.064770   4.795277   216.921781    -5.875425   4.867605   216.744113 
-8.965794   4.004097   213.904790    -9.223897   3.961731   213.892213 
-4.071921   2.699776   214.806622    -4.020834   2.722752   215.054467 
-3.801739   1.481281   214.113691    -3.666164   1.268765   214.096263 
-3.272009   5.141984   221.102794    -3.380060   5.076476   220.891382 
-7.403151   3.683026   219.190818    -7.426359   3.695471   218.954574 
-8.938922   3.966400   213.895737    -9.014790   4.184531   213.921867 
-5.937002   5.513492   214.229592    -6.131644   5.456601   214.128134 
-8.615162   3.418989   215.867348    -8.643424   3.261761   216.023252 
-5.009765   1.929931   217.010387    -4.937373   1.723883   217.002739 
-7.236294   5.041652   214.207603    -7.376684   5.012934   214.046779 
-3.904249   2.707698   215.514885    -3.834816   2.506599   215.496236 
-3.541308   3.400368   216.755736    -3.670771   3.384157   216.588096 
-8.680672   3.346020   216.019466    -8.760168   3.538400   216.038277 
-5.833922   5.489107   214.150272    -5.709577   5.649603   214.160251 
-7.758530   1.193926   215.779527    -7.741763   1.012039   215.865395 
-6.014699   5.465473   214.369204    -5.912757   5.524804   214.212158 
-3.995051   3.578289   214.092630    -3.828885   3.678680   214.063532 
-3.901677   2.804759   215.671006    -3.891032   2.676852   215.522490 
-3.897590   4.084168   214.055908    -3.742454   4.195064   214.027987 
-9.725495   2.232578   220.177223    -9.906528   2.169332   220.159316 
-4.177430   1.331964   214.189354    -3.986929   1.309224   214.173473 
-5.633440   5.664619   214.167071    -5.720013   5.498783   214.160586 
-8.868713   0.635722   218.134524    -8.781309   0.643764   217.972025 
-8.716098   3.521180   215.979214    -8.617797   3.399354   215.885218 
-7.109445   5.098209   214.135083    -7.248327   5.034133   214.229810 
-3.973204   2.899398   215.521381    -3.904560   2.796925   215.647496 
-3.544965   1.329188   214.133613    -3.639849   1.475577   214.117657 
-7.552335   5.250889   213.972129    -7.709581   5.174332   213.966537 
-4.162433   4.339642   214.084017    -4.010601   4.259867   214.064970 
-3.786625   2.254576   215.337195    -3.742210   2.241045   215.502802 
-5.801479   0.860136   214.407261    -5.965540   0.823160   214.419191 
-8.608933   3.040352   216.164639    -8.575252   2.893085   216.237411 
-8.464253   2.952832   215.910171    -8.546773   2.962809   216.050946 
-8.695434   3.637932   215.864019    -8.713598   3.519910   215.975597 
-4.133568   2.836340   214.752050    -4.073910   2.686645   214.778763 
-3.970905   2.551368   215.008214    -3.911986   2.472589   215.137376 
-4.931269   1.706534   217.005525    -4.921953   1.681182   217.165543 
-3.843898   2.516209   215.473627    -3.871350   2.488013   215.319395 
-4.919605   1.669584   214.604641    -4.867738   1.528695   214.630053 
-4.864915   1.501206   216.766993    -4.916717   1.641834   216.750903 
-4.003380   2.686077   215.072878    -3.972010   2.554333   215.008006 
-4.173961   2.852794   214.607607    -4.137083   2.846556   214.752550 
-4.081932   4.096789   214.082737    -4.132350   4.234697   214.084163 
-7.913429   1.455263   215.861312    -7.890517   1.497148   215.727620 
-6.436119   1.412744   221.027881    -6.568667   1.368645   221.010961 
-5.663838   5.383049   214.232145    -5.538921   5.433699   214.204107 
-3.902463   2.491965   215.198476    -3.918609   2.450104   215.069837 
-4.010564   4.227940   214.066369    -4.048657   4.097876   214.077746 
-3.931814   3.940667   214.067302    -3.898181   4.070586   214.056593 
-8.519110   3.065637   215.932579    -8.481852   2.938866   215.950982 
